-1 -1 -1 -1 -1 -1 -1 -1 -1 -1 -1 -1 -1 -1 -1 -1 -1 -1 -1 -1 -1 -1 -1                                                                    
-1 -1 -1 -1 -1 -1 -1 -1 -1 -1 -1 -1 -1 -1 -1 -1 -1 -1 -1 -1 -1 -1 -1                                                                    
-1 -1 01 -1 -1 -1 -1 02 03 04 05 06 07 08 09 10 -1 -1 -1 -1 11 -1 -1
-1 -1 12 -1 -1 -1 -1 13 -1 -1 -1 -1 -1 -1 -1 14 -1 -1 -1 -1 15 -1 -1
-1 -1 16 17 18 19 20 21 -1 -1 -1 -1 -1 -1 -1 22 23 24 25 26 27 -1 -1
-1 -1 -1 28 -1 -1 -1 29 30 31 32 33 34 35 36 37 -1 -1 -1 38 -1 -1 -1
-1 -1 -1 39 -1 -1 -1 40 -1 -1 -1 41 -1 -1 -1 42 -1 -1 -1 43 -1 -1 -1
44 45 46 47 -1 -1 -1 48 -1 49 50 51 52 53 -1 54 -1 -1 -1 55 56 57 58
-1 -1 -1 59 -1 -1 -1 60 -1 61 62 63 64 65 -1 66 -1 -1 -1 67 -1 -1 -1
-1 -1 -1 68 -1 -1 -1 69 -1 70 71 72 73 74 -1 75 -1 -1 -1 76 -1 -1 -1
-1 -1 77 78 79 80 81 82 -1 -1 -1 -1 -1 -1 -1 83 84 85 86 87 88 -1 -1
-1 -1 89 -1 -1 -1 -1 90 91 92 93 94 95 96 97 98 -1 -1 -1 -1 99 -1 -1
-1 -1 100 -1 -1 -1 -1 101 -1 -1 -1 -1 -1 -1 -1 102 -1 -1 -1 -1 103 -1 -1
-1 -1 104 -1 -1 -1 -1 105 -1 -1 -1 -1 -1 -1 -1 106 -1 -1 -1 -1 107 -1 -1
-1 -1 108 109 110 111 112 113 114 115 116 117 118 119 120 121 122 123 124 125 126 -1 -1
-1 -1 -1 -1 -1 -1 -1 -1 -1 -1 -1 -1 -1 -1 -1 -1 -1 -1 -1 -1 -1 -1 -1
-1 -1 -1 -1 -1 -1 -1 -1 -1 -1 -1 -1 -1 -1 -1 -1 -1 -1 -1 -1 -1 -1 -1
